Winkel Volumen Druck Temperatur 
220 454.93848457353687 1.088759781086738 300.0
221 453.00206884110924 1.0951243044024392 300.4693042810783
222 451.0178404944635 1.1017127466025822 300.9529494041096
223 448.98587198529134 1.1085307921657896 301.4511501487277
224 446.90624617582426 1.1155843906880938 301.96413377873836
225 444.7790569342612 1.1228797202414988 302.4921275579473
226 442.60440973883345 1.1304232842027255 303.03538227148033
227 440.3824222897506 1.1382216935807115 303.5941110349486
228 438.11322512821346 1.1462818385521787 304.1685330936473
229 435.7969622616277 1.154611097325773 304.7589260458186
230 433.43379179410044 1.1632171308317758 305.3655674897047
231 431.02388656124845 1.1721078945786705 305.9887350235478
232 428.5674347682892 1.181291651094135 306.6287062455901
233 426.06464063034184 1.190776982981427 307.28575875407375
234 423.5157250138036 1.2005728220964935 307.9601741161143
235 420.92092607762396 1.2106886472363636 308.6522844767468
236 418.280499913244 1.2211338928280144 309.3623173350931
237 415.59472118192343 1.231918838755965 310.0906187891196
238 412.86388374813043 1.243054167954633 310.8375349367927
239 410.0883013076264 1.2545509844599005 311.60341187607867
240 407.2683080088377 1.2664208323802555 312.388595704944
241 404.40425906606464 1.2786757158384883 313.193432521355
242 401.49653136305034 1.291328119937972 314.0182684232781
243 398.545524045394 1.3043912645969902 314.8635054589283
244 395.5516591002702 1.317878497283369 315.7294484844023
245 392.5153819218948 1.3318040840640568 316.61649102993465
246 389.4371618611553 1.3461830139722497 317.5250597131962
247 386.3174927578167 1.3610308907537567 318.4555811518577
248 383.15689345369833 1.3763639621488726 319.40848196359
249 379.95590828522757 1.3921991507296878 320.384188766064
250 376.7151075537643 1.4085540863823927 321.3831281769505
251 373.43508797211297 1.4254473058705197 322.405764210527
252 370.116473085649 1.4428979883612192 323.45252924512715
253 366.7599136665037 1.4609260913141553 324.5238471017334
254 363.3660880792923 1.4795528747801183 325.62023999033295
255 359.93570261689155 1.4988005136170648 326.74223012091295
256 356.4694918048208 1.5186921433074656 327.89033970346054
257 352.96821867282785 1.5392519082989078 329.065090947963
258 349.4326749923337 1.5605050130164635 330.2670060644074
259 345.86368147844786 1.582477785267452 331.49660926608084
260 342.26208795533677 1.6051982053132274 332.75452455854554
261 338.6287734837973 1.6286945462722753 334.0411792787848
262 334.96464644996104 1.6529973849587631 335.3572095088467
263 331.2706446141488 1.6781386842948776 336.7032513307795
264 327.5477351189685 1.7041518659287862 338.07994082663134
265 323.7969144558572 1.731071886972237 339.4879140784504
266 320.0192083893523 1.758935321101331 340.92780716828486
267 316.21567183848674 1.7877804442777354 342.4002561781828
268 312.3873887148046 1.8176475816749766 343.90594568560516
269 308.53547171659835 1.848578711385218 345.44551381717343
270 304.66106207908507 1.8806182539879956 347.0196819874569
271 300.7653292803428 1.9138129247174305 348.6292031249844
272 296.8494707029503 1.948211684730142 350.2748301582847
273 292.91471125137963 1.9838658635895061 351.9573160158868
274 288.9623029253086 2.0208292888037316 353.67741362631944
275 284.99352434913646 2.059158816373287 355.4359438506281
276 281.009680258094 2.09891350831655 357.23362609414187
277 277.0121009414553 2.1401562479934593 359.07133053727887
278 273.0021416434657 2.1829530624122997 360.94992853306616
279 268.9811819227082 2.227373290113763 362.8702914345308
280 264.950624970735 2.2734897657285087 364.83329059469986
281 260.9118968908913 2.321379170130479 366.83982187711564
282 256.8664459383544 2.3711220714903343 368.89077808243866
283 252.81574172250458 2.422803237569199 370.98706355898184
284 248.76127437283165 2.476512391230027 373.1296723749479
285 244.70455366965905 2.5323438981079978 375.31959859853947
286 240.64710814105513 2.590397026933473 377.5578362979593
287 236.59048412735632 2.6507762239749293 379.8453795414099
288 232.53624481480887 2.7135916702012155 382.18326014958865
289 228.485969239881 2.7789590892967184 384.5724757284785
290 224.44125126585968 2.8470008264554374 387.0140956266747
291 220.40369853338592 2.917845936778749 389.50922139026227
292 216.3749313866268 2.991630318194274 392.0589545653261
293 212.35658177681404 3.0684970861941605 394.6643966979512
294 208.35029214490353 3.148596965874894 397.32664933422245
295 204.3577142851373 3.2320888669794616 400.0468345262498
296 200.3805081912936 3.3191402897985838 402.82609033180785
297 196.4203408874305 3.4099277347523578 405.6655650769229
298 192.47888524492063 3.504637089460812 408.5664076245738
299 188.55781878757548 3.6034641021996676 411.5297668377392
300 184.6588224866492 3.706614873619528 414.556791579398
301 180.78357954749538 3.814306351947415 417.64862976280443
302 176.93377418962962 3.9267667822321712 420.80642155536077
303 173.1110904219308 4.044236098318018 424.03128677449945
304 169.31721081468064 4.166966383851315 427.32432083256543
305 165.55381527011062 4.295222886152536 430.68664712090015
306 161.82257979308926 4.42928320061141 434.119284108656
307 158.12517526353912 4.569438590783281 437.62323635755297
308 154.46326621213663 4.715994175958453 441.19947052913255
309 150.8385096007949 4.869269986985542 444.8489775166057
310 147.25255360938496 5.029598873402583 448.5725496833277
311 143.70703643010094 5.197328223882994 452.37092738706605
312 140.20358507082258 5.372820045721989 456.24479422513605
313 136.7438141687726 5.5564519637835925 460.19485835268165
314 133.3293248157152 5.748613028949192 464.22151351598046
315 129.96170339588517 5.949705155682529 468.32500645029876
316 126.64252043778255 6.160143466080356 472.5055134978084
317 123.37332948090788 6.380356379701647 476.7632053734405
318 120.15566595846505 6.610779099404485 481.0978418380019
319 116.99104609699309 6.851852398402583 485.5088286828504
320 113.88096583384288 7.104025004058324 489.9955451786986
321 110.82689975335315 7.367748801815326 494.5571710885729
322 107.83030004253091 7.643470936159301 499.19237232049966
323 104.89259546698682 7.931631666994186 503.89944296198206
324 102.01519036782763 8.232662364687151 508.67648012960433
325 99.19946368015324 8.5469754240364 513.5210939404279
326 96.44676797376539 8.874954140382401 518.4302145912774
327 93.75842851664086 9.216951954188492 523.4005222562715
328 91.1357423616824 9.573278964814248 528.4281664410566
329 88.57997745721445 9.944182554037951 533.5082779442787
330 86.09237178165456 10.329848552890766 538.6357010588007
331 83.67413250274423 10.730382575386502 543.8046706086021
332 81.32643516169593 11.145780037439433 549.0080499834871
333 79.05042288256821 11.575929258191955 554.2383462415096
334 76.84720560715456 12.020588511521595 559.4874111223302
335 74.71785935563842 12.479343964144524 564.7453772744831
336 72.66342551323461 12.951615476021953 570.0019194675716
337 70.6849101430177 13.43663212050851 575.2460504948322
338 68.78328332510246 13.93338043665318 580.4648236333092
339 66.95947852232982 14.440613834881505 585.6447111960847
340 65.2143919725788 14.95683203168992 590.7715524186684
341 63.54888210781604 15.480229136644958 595.8292350004051
342 61.96376899996756 16.008708189537675 600.8009669937129
343 60.45983383368911 16.53987289083013 605.6693900687345
344 59.037818406091006 17.070993466724588 610.4155738671434
345 57.69842465346358 17.599030069578415 615.0199413754699
346 56.44231420504 18.1206467599345 619.4624915219712
347 55.27010796381659 18.63221636701289 623.7223984267896
348 54.182385714451364 19.129862302276003 627.7785550265602
349 53.17968575824655 19.609501703909213 631.6097612251931
350 52.26250457521967 20.066889677669394 635.1945894192776
351 51.43129651326064 20.49772312546467 638.5127936670261
352 50.68647350437045 20.897674158075212 641.5441337027037
353 50.0284048079714 21.528009796822456 652.3145207784695
354 49.4574167812807 22.65447850507148 678.6127370877836
355 48.97379267673445 24.26350489687125 719.7037778474001
356 48.57777246645135 26.321506790620234 774.4347853064332
357 48.269552693724876 28.77797099564505 841.3369317409544
358 48.049286351531876 31.56943013059102 918.7348542238801
359 47.91708278805095 34.623773500249406 1004.8500922355721
360 47.87300763918031 37.86431269890067 1097.886132744784
361 47.91708278805095 41.213310213694264 1196.0914245602264
362 48.049286351531876 44.594893720780696 1297.8024314094216
363 48.269552693724876 47.93738486122524 1401.4710175686764
364 48.57777246645135 51.17503880716882 1505.6786264911357
365 48.973792676734476 54.24933631077716 1609.1431330522696
366 49.45741678128068 57.10986910131115 1710.7206673016062
367 50.0284048079714 59.71487744555159 1809.4046793860848
368 50.68647350437031 62.0314820940707 1904.3235692789974
369 51.43129651326062 64.03564519440638 1994.7375841249186
370 52.26250457521963 65.71189190558667 2080.0352655240576
371 53.17968575824658 67.05282439008263 2159.7294537092735
372 54.182385714451314 68.05846293448313 2233.452747501227
373 55.270107963816564 68.73544970522907 2300.952216451886
374 56.44231420504003 69.0961331477359 2362.082510700908
375 57.698424653463555 69.15763391406959 2416.7993228797386
376 59.037818406090985 68.94085813364423 2465.1508163582075
377 60.45983383368914 68.46950654563895 2507.26741018643
378 61.963768999967535 67.76915877758478 2543.351758546811
379 63.54888210781595 66.86640331179929 2573.6671970950315
380 65.21439197257881 65.78808222128694 2598.5267055329364
381 66.95947852232968 64.560641016586 2618.2819092816485
382 68.78328332510243 63.20954527182653 2633.3105390299424
383 70.6849101430175 61.75887677558946 2644.007042057072
384 72.66342551323459 60.23099914349724 2650.772421927089
385 74.71785935563838 58.64635084522983 2654.0061423919124
386 76.84720560715459 57.02331139481328 2654.0984108496114
387 79.05042288256826 55.378157836193445 2651.4241692789215
388 81.32643516169587 53.72511716077934 2646.3398441828535
389 83.67413250274427 52.07635804437678 2639.175866644057
390 86.09237178165434 50.44223938261042 2630.240979208231
391 88.57997745721441 48.83129588934174 2619.81318606541
392 91.13574236168223 47.250536501899454 2608.1465356670897
393 93.75842851664078 45.705503146192676 2595.4658693682136
394 96.44676797376516 44.20050257305876 2581.9712047555163
395 99.19946368015319 42.7387419579741 2567.8376776625496
396 102.01519036782769 41.322474485161855 2553.2166801251174
397 104.89259546698673 39.95318078755404 2538.2400984635365
398 107.83030004253087 38.63163380214488 2523.018283889709
399 110.82689975335286 37.358092020525056 2507.646881552913
400 113.8809658338428 36.13232765133209 2492.2040077245856
401 116.991046096993 34.95377850232391 2476.7562218152098
402 120.15566595846511 33.821578377512594 2461.357144189241
403 123.37332948090781 32.734658651864365 2446.051577200153
404 126.6425204377825 31.69176819740114 2430.8744249579454
405 129.96170339588494 30.69156087849453 2415.855083619143
406 133.32932481571498 29.732587496716924 2401.015114248389
407 136.74381416877247 28.81337128565538 2386.3727076003247
408 140.2035850708223 27.932394309464684 2371.940505263011
409 143.70703643010083 27.088147318063147 2357.7287782518833
410 147.2525536093848 26.279127059054904 2343.7445659274995
411 150.83850960079508 25.503849801799827 2329.9922857823326
412 154.46326621213657 24.76087456993344 2316.475454058986
413 158.12517526353903 24.04879146830699 2303.1954021827346
414 161.82257979308892 23.366235251722987 2290.1523475383515
415 165.55381527011056 22.71189348010742 2277.3461382527935
416 169.31721081468058 22.084498114157082 2264.775447705407
417 173.11109042193073 21.482829925463655 2252.438234414809
418 176.93377418962953 20.905723453910483 2240.332355991164
419 180.7835795474953 20.352064189231495 2228.4554351900565
420 184.65882248664926 19.820784467240642 2216.80457654406
421 188.55781878757517 19.310864430354865 2205.3766351128684
422 192.47888524492052 18.821332451250775 2194.168465956174
423 196.42034088743046 18.351262685752342 2183.176866600493
424 200.3805081912935 17.899772573045798 2172.3985049954354
425 204.35771428513718 17.466021444626097 2161.829973821281
426 208.35029214490365 17.049209167211725 2151.4678523881003
427 212.3565817768141 16.64857439119122 2141.308720005963
428 216.37493138662663 16.263392735849123 2131.3491559849394
429 220.40369853338578 15.892975293150153 2121.585774622408
430 224.44125126585942 15.536666087897977 2112.015114005999
431 228.48596923988094 15.193841744092751 2102.633809132899
432 232.53624481480875 14.863909747472242 2093.438577454417
433 236.59048412735643 14.546306314768877 2084.4261364218623
434 240.64710814105504 14.240494956094041 2075.5932034865436
435 244.70455366965916 13.945965685742829 2066.9365828048294
436 248.76127437283128 13.662232426489792 2058.4529789792673
437 252.81574172250447 13.388834036684957 2050.1393372462967
438 256.86644593835416 13.125331618777523 2041.992629421065
439 260.91189689089094 12.871307212007238 2034.0098273187177
440 264.9506249707349 12.62636289362662 2026.1879301878091
441 268.98118192270806 12.390119805419513 2018.5239738022071
442 273.00214164346573 12.162217093193746 2011.015017309052
443 277.0121009414551 11.942312013732025 2003.658316294667
444 281.0096802580939 11.730077830567419 1996.4511263453762
445 284.9935243491361 11.525202997232222 1989.3907030475034
446 288.96230292530845 11.327391397079577 1982.4744794864362
447 292.9147112513795 11.136358726376827 1975.6995669222815
448 296.84947070295044 10.951835263900836 1969.0633554103479
449 300.7653292803427 10.77356473628295 1962.5634461530856
450 304.66106207908496 10.601302478472434 1956.1974403529453
451 308.53547171659847 10.434814849921336 1949.9629392123775
452 312.3873887148044 10.273878681591762 1943.857543933833
453 316.2156718384866 10.118280752197228 1937.8788557197622
454 320.01920838935195 9.967818279266808 1932.0246671006512
455 323.79691445585706 9.82229606491872 1926.292505606214
456 327.5477351189684 9.681528890266168 1920.6801810169695
457 331.27064461414886 9.545340340483865 1915.1856504936054
458 334.9646464499609 9.413561642190748 1909.8068711968106
459 338.628773483797 9.286031291030321 1904.5418002872727
460 342.26208795533665 9.162594698816923 1899.3883949256801
461 345.86368147844775 9.04310385919052 1894.3446122727212
462 349.4326749923337 8.92741790174307 1889.408593821269
463 352.96821867282785 8.815400623124752 1884.5782111110827
464 356.4694918048208 8.706922896998426 1879.8516335582722
465 359.93570261689155 8.601861430367109 1875.2271309050973
466 363.3660880792924 8.500098032870842 1870.7029728938173
467 366.7599136665034 8.401519377994141 1866.2774292666923
468 370.11647308564875 8.30601677654823 1861.9487697659818
469 373.43508797211274 8.21348596176188 1857.715264133945
470 376.71510755376397 8.12382765498063 1853.5753577156563
471 379.9559082852275 8.036945405429663 1849.5272264217015
472 383.1568934536982 7.95274792351672 1845.5693490576969
473 386.31749275781647 7.871147831684974 1841.7002685980385
474 389.4371618611554 7.792061217833712 1837.918528017122
475 392.5153819218946 7.71540748060173 1834.2226702893433
476 395.55165910027006 7.641109182368385 1830.6112383890982
477 398.545524045394 7.5690919095601465 1827.082775290782
478 401.49653136305034 7.499284341872244 1823.635873089824
479 404.40425906606475 7.43161831247881 1820.269220446972
480 407.26830800883744 7.36602830441401 1816.981511283165
